time,x,y,z,phi,theta,psi,x_velocity,y_velocity,z_velocity,phi_velocity,theta_velocity,psi_velocity,rotor_speed1,rotor_speed2,rotor_speed3,rotor_speed4
0.06,-4.38063689067e-08,-4.90943172089e-08,0.00425759780571,6.28311642042,4.99753333303e-05,0.0,-4.21840235881e-06,-5.25025851602e-06,0.141912102527,-0.0035495258527,0.00244892949083,0.0,449.740839313,449.939092156,450.306964412,450.019818588
0.12000000000000001,-2.07678981249e-06,-2.71812371411e-06,0.0170252444418,6.28292654964,0.000292198587358,0.0,-8.47876638688e-05,-0.000105495540938,0.283650824417,-0.00240534744939,0.00703798457702,0.0,449.680703411,450.052150893,450.052698965,450.145344652
0.18,-1.53083857211e-05,-1.5318419758e-05,0.0382901762078,6.28275989496,0.000750983182776,0.0,-0.000403924150403,-0.000331307252699,0.425137540936,-0.0035326810417,0.00883633987655,0.0,449.775849904,449.921333737,450.148604281,450.05744099
0.23999999999999996,-5.81242374864e-05,-4.54017048112e-05,0.0680203256614,6.28249613708,0.00128250305226,0.0,-0.00108056846986,-0.00069707384369,0.565807680087,-0.00618107687746,0.00890327706247,0.0,449.639743714,449.645043868,450.126424278,449.9121653
0.3,-0.000153164432795,-0.000103850614728,0.106183697644,6.28205732811,0.00180488054942,0.0,-0.00214438578523,-0.0012947730882,0.706227839191,-0.00968040326752,0.00830937534865,0.0,449.777151271,449.728935525,450.180308703,449.897222461
0.36000000000000004,-0.000323333369705,-0.000208532159754,0.152782063592,6.28152379644,0.00229103138319,0.0,-0.00358092898676,-0.00225464176499,0.84695670308,-0.00736060148284,0.0076855392487,0.0,450.197527333,450.146937084,450.071431202,450.259241926
0.4200000000000001,-0.000590123158771,-0.000381762710716,0.207792037897,6.28122440422,0.00276189492569,0.0,-0.00536207195981,-0.00355907912837,0.986598440574,-0.000626136321961,0.00817014910482,0.0,449.977060578,450.016167606,449.825241789,450.370283898
0.48000000000000015,-0.000974207673299,-0.000638221678976,0.271154138019,6.28122516661,0.0033612543566,0.0,-0.00749932250557,-0.00499125580043,1.12534478742,0.00126083328139,0.0133997812673,0.0,449.778282109,450.201447661,449.970406656,450.123119334
0.5400000000000001,-0.00150081952584,-0.000980165020899,0.342824931658,6.28126657161,0.00427464654528,0.0,-0.0101465910007,-0.00640025047108,1.26353856551,-0.000476674872078,0.0186409824696,0.0,449.815929303,450.240018867,450.299409971,450.158833691
0.6000000000000002,-0.00220719799549,-0.00140608771422,0.422742177194,6.28119155331,0.00544643011471,0.0,-0.0135217280808,-0.00780238479992,1.40021142811,-0.00284441298292,0.0212503338531,0.0,449.757489097,449.968711387,450.179865415,449.98828384
0.6600000000000003,-0.00314208842308,-0.00191823319953,0.51083515416,6.28105197866,0.0067858749449,0.0,-0.0177806586636,-0.00928540526496,1.53604747386,-0.00130946643093,0.0243892466014,0.0,449.871403835,450.125488767,450.060941059,450.185195191
0.7200000000000003,-0.00436204701477,-0.00252189981806,0.607037229735,6.2810431856,0.0082519846557,0.0,-0.0230401743384,-0.0108409908694,1.67050029348,0.00208354172264,0.0245268233125,0.0,449.875162981,449.886377316,450.003768667,450.278321441
0.7800000000000004,-0.00592910934658,-0.00321814190691,0.711262674873,6.28127822297,0.00979281017029,0.0,-0.0293546081093,-0.0123471715123,1.80347939184,0.00735355117305,0.0278929045201,0.0,449.678695427,449.951379464,449.896596801,450.32298708
0.8400000000000004,-0.00790890662336,-0.00399833994524,0.823432382981,6.28182634459,0.0115740353832,0.0,-0.0368210284725,-0.0136060329315,1.93529507127,0.0124800163396,0.0330529781005,0.0,449.580582432,449.99870882,450.079204749,450.493770587
0.9000000000000005,-0.0103758340742,-0.00484101832019,0.943461022467,6.28258883581,0.0136532265513,0.0,-0.0456236017869,-0.0144025386998,2.06543078627,0.0131606589474,0.0376749199235,0.0,449.45970245,449.834602277,450.2912341,450.346166519
0.9600000000000005,-0.0134162933625,-0.00571496439986,1.07125367512,9.35858968454e-06,0.0160420917302,0.0,-0.0559689765573,-0.0146538884145,2.19408244789,0.00313202806799,0.0437815954087,0.0,449.372905737,449.868406456,450.814719509,450.003580289
1.0200000000000005,-0.0171291907704,-0.00659335241554,1.20669954847,1.1164705688e-05,0.018704364778,0.0,-0.0680702709213,-0.0146147624819,2.32052673833,-0.00703582514254,0.0455247878967,0.0,449.35110776,449.493488428,450.689202313,449.866679459
1.0800000000000005,-0.0216249269606,-0.00747176565396,1.34969117747,6.282623427,0.0214432095461,0.0,-0.0820717415791,-0.0147176651739,2.44559542107,-0.0151260635669,0.045891465724,0.0,449.613954227,449.644850322,450.629047808,449.974737902
1.1400000000000006,-0.0270186369827,-0.00837052451724,1.50014952461,6.28155317516,0.0240815366734,0.0,-0.0979974705764,-0.0153444006867,2.569405437,-0.0239018597059,0.0398282760102,0.0,450.112268077,449.622392777,450.771572769,450.061926112
1.2000000000000006,-0.0334211501353,-0.009331718771,1.65796428549,6.27993049687,0.026378509725,0.0,-0.115659512055,-0.0168546172973,2.6908011437,-0.0342156082142,0.0349985077922,0.0,450.072008277,449.681636852,450.508626263,449.673751518
1.2600000000000007,-0.0409299639153,-0.0104203234027,1.82301532146,6.2778077837,0.0283450330176,0.0,-0.134840497247,-0.0196500335344,2.81060512766,-0.0378116735176,0.0279115387884,0.0,450.301312063,449.72805255,450.325052379,450.033545547
1.3200000000000007,-0.0496280390256,-0.0117221509615,1.99519045698,6.27560929621,0.029931363779,0.0,-0.155257872738,-0.0239759748211,2.9282640228,-0.0343986323184,0.0233180602142,0.0,450.21504795,449.843376933,449.947131152,450.222758964
1.3800000000000008,-0.0595822406121,-0.0133288035156,2.17437299533,6.27372477604,0.0312604625455,0.0,-0.176682508397,-0.0297820173999,3.04417775651,-0.0260154435263,0.0197106197818,0.0,450.299054458,450.007149323,449.81810335,450.496127351
1.4400000000000008,-0.0708478703802,-0.0153213510726,2.36046199236,6.27222836823,0.0324939520639,0.0,-0.198954998277,-0.0367921911124,3.15847210889,-0.0228721114054,0.0222013887544,0.0,450.139102762,450.340598157,450.246836167,450.500984267
1.5000000000000009,-0.0834743838033,-0.0177647182156,2.55334269452,6.27076901303,0.0338029888665,0.0,-0.22205605783,-0.0447965068696,3.27056169996,-0.0273935250073,0.0210378590493,0.0,450.429171664,450.335068622,450.386576886,450.020659606
1.560000000000001,-0.0975116921329,-0.0207190923068,2.75286910994,6.26901747031,0.0350538767868,0.0,-0.245973950757,-0.053853689615,3.37999172818,-0.0330567193898,0.0204659877406,0.0,450.310245864,450.263964782,450.241978898,449.783307209
1.620000000000001,-0.113007635527,-0.0242537259598,2.95887817665,6.26676003891,0.0364850474219,0.0,-0.270684607193,-0.0641788295597,3.48664607542,-0.0488284135614,0.0298863049464,0.0,449.666134054,450.428697021,450.54954629,449.27184326
1.680000000000001,-0.130016034461,-0.0284574395111,3.17121538796,6.26365534017,0.0385904753566,0.0,-0.296452561257,-0.0762480712705,3.59092162194,-0.0583277461318,0.0438677789833,0.0,449.629962468,450.761792734,450.076171186,449.304935075
1.740000000000001,-0.148615267646,-0.0334508688414,3.38974848473,6.25995536332,0.0413890663083,0.0,-0.323788140629,-0.0905598808525,3.6931655512,-0.0693529340133,0.0516833012683,0.0,450.115621663,450.748952013,450.082250544,449.186286025
1.8000000000000012,-0.168911287661,-0.0393803009385,3.6143330488,6.25563450926,0.0446164610066,0.0,-0.353055593797,-0.107511009175,3.79263000575,-0.0779495279311,0.057699925336,0.0,450.129875429,450.618398146,449.7989011,449.098158881
1.8600000000000012,-0.191028818108,-0.0464161555727,3.8448185918,6.25083869839,0.0482194181935,0.0,-0.384540481089,-0.127488137293,3.88985585524,-0.0842161540073,0.0643747707394,0.0,450.261985404,450.804181474,449.667912844,449.154868742
1.9200000000000013,-0.2151085486,-0.0547487835946,4.08107392456,6.24561251472,0.0522057422596,0.0,-0.418499517157,-0.150773767139,3.98494630203,-0.0936075780993,0.0702746358697,0.0,450.225847765,450.70618086,450.087080862,449.320078784
1.9800000000000013,-0.24130582242,-0.0645852525916,4.32296136879,6.23979827067,0.0565883562316,0.0,-0.455160630714,-0.177670002798,4.07758237188,-0.104475757074,0.0780718953963,0.0,450.177969781,450.812540694,450.189533006,449.301232808
2.0400000000000014,-0.26979043478,-0.076153487366,4.570326699,6.23332991316,0.0614575080607,0.0,-0.494789139352,-0.208560191289,4.16753032009,-0.115466649306,0.086691105199,0.0,450.122982667,450.825213111,450.191278442,449.290852284
2.1000000000000014,-0.300750025916,-0.0897056918601,4.82301106418,6.22619714624,0.0667275311001,0.0,-0.537702034793,-0.243863272106,4.25486920516,-0.126760717332,0.0900247987005,0.0,450.328126702,450.604011935,450.291619316,449.364336576
2.1600000000000015,-0.334388332754,-0.105519331965,5.08085943799,6.21835335513,0.0721898169574,0.0,-0.584095777772,-0.284004433225,4.33964903885,-0.140153159372,0.0929900072384,0.0,450.217361589,450.464063148,450.672956307,449.573474223
2.2200000000000015,-0.370914356246,-0.123895677423,5.34367491656,6.20973266506,0.0777803246135,0.0,-0.63397012845,-0.329357796241,4.42042770118,-0.151861213024,0.0935425530099,0.0,450.020440162,450.072385322,450.23816233,449.270683249
2.2800000000000016,-0.410541017732,-0.145163660327,5.61125365022,6.20045439234,0.0833962951546,0.0,-0.687449719504,-0.380452700427,4.4984072996,-0.160858010376,0.0937130947187,0.0,450.245247824,450.266335706,450.057762353,449.306529835
2.3400000000000016,-0.453484295346,-0.169678628957,5.88342170299,6.19063535692,0.0891670610879,0.0,-0.74452888435,-0.437635590032,4.57338727685,-0.169910375068,0.100701567424,0.0,450.035721709,450.608819892,450.079451233,449.320840894
2.4000000000000017,-0.49996391418,-0.197815034838,6.15999625768,6.18028659817,0.0952773498155,0.0,-0.805360751328,-0.501210678994,4.64526796559,-0.178178963542,0.104017855222,0.0,450.050829796,450.328030755,450.290784172,449.59304363
2.4600000000000017,-0.550209518331,-0.229963960475,6.44077869299,6.16955185668,0.101628248964,0.0,-0.870079067123,-0.571419451746,4.7136286571,-0.180418709305,0.10927588139,0.0,449.961766312,450.396910827,449.998307108,449.786455149
2.520000000000002,-0.604458868697,-0.26652806482,6.72555751776,6.15865032317,0.108211117323,0.0,-0.938840907875,-0.648386883765,4.77845997109,-0.184365017753,0.110576785872,0.0,450.150242005,450.265970234,450.062220077,449.711136464
2.580000000000002,-0.662957438167,-0.307914361689,7.0141172956,6.14745338926,0.114765248047,0.0,-1.01171772122,-0.732173397947,4.83963966664,-0.191537896193,0.106410776201,0.0,450.390750974,450.063992159,450.209105754,449.594866025
2.640000000000002,-0.725948494336,-0.354534943065,7.30622595353,6.13584624817,0.120966308936,0.0,-1.08855773311,-0.822891853496,4.8967373952,-0.197578792412,0.096402237277,0.0,450.540429338,449.73949005,450.101961863,449.576671391
2.700000000000002,-0.793661678431,-0.406812003479,7.60164183723,6.12392060234,0.12657940808,0.0,-1.16906130252,-0.920744107538,4.94986518031,-0.201231822241,0.0871401515252,0.0,450.525366264,449.783012765,449.982784192,449.648759861
2.760000000000002,-0.866303689266,-0.465175451977,7.900114564,6.11171439436,0.131651039823,0.0,-1.25279640585,-1.02578301806,4.99861880985,-0.208249045438,0.0787131978715,0.0,450.36764733,449.691174017,450.042170641,449.433588438
2.820000000000002,-0.944058662069,-0.530061436001,8.20138711435,6.09917977357,0.136248139342,0.0,-1.33944410144,-1.13818560379,5.04317431892,-0.210264418642,0.0720625977659,0.0,450.275230291,449.741350935,449.837428233,449.631769721
2.880000000000002,-1.02709272014,-0.601915205562,8.50520778635,6.08657429262,0.14058486463,0.0,-1.42873218703,-1.25803915171,5.08353912079,-0.209748045457,0.0727073682799,0.0,449.866750738,449.922929304,449.902742711,449.901675953
2.940000000000002,-1.11555902889,-0.681180206748,8.81131248264,6.07411102094,0.144965480208,0.0,-1.52052047281,-1.38520459449,5.11929019346,-0.203954044619,0.0736089345791,0.0,449.770052862,449.847140031,449.639212664,450.066544965
3.000000000000002,-1.20961081301,-0.768292750631,9.11944046378,6.06203470319,0.149357640084,0.0,-1.6149151918,-1.5195770597,5.15096626561,-0.196392816825,0.0723779552064,0.0,450.096551863,450.000986718,449.603696348,450.176787055
3.0600000000000023,-1.30940323047,-0.863674663343,9.42934079566,6.05028729413,0.153633120177,0.0,-1.71186374995,-1.66080290452,5.17835698851,-0.194613173107,0.0689196763,0.0,450.263028001,449.986939354,449.961710399,450.068866236
3.1200000000000023,-1.41508585114,-0.96772900365,9.74075016844,6.03869403375,0.15758187907,0.0,-1.8112292887,-1.80863492739,5.20125459512,-0.190576826031,0.0587380331575,0.0,450.628352098,449.807537235,449.90201652,450.192861993
3.1800000000000024,-1.5267971091,-1.08084868303,10.0534042384,6.02734918859,0.160934871447,0.0,-1.91276177515,-1.96295017771,5.2198424523,-0.186249266145,0.0494584467435,0.0,450.63346711,449.884648531,450.127247567,450.443119539
3.2400000000000024,-1.64465229203,-1.2034107699,10.367021303,6.01621623367,0.163737763261,0.0,-2.01597610925,-2.12335289789,5.23335419046,-0.184186808092,0.04057143365,0.0,450.732755981,450.015084704,449.901037734,450.035093991
3.3000000000000025,-1.76874632586,-1.33578192355,10.6813202113,6.0052425444,0.166076225978,0.0,-2.12067793733,-2.28989931277,5.24256344282,-0.180432173313,0.0355728973754,0.0,450.63262875,450.229042115,450.086459585,450.358366587
3.3600000000000025,-1.89915895406,-1.47832335834,10.9960307978,5.99442939215,0.168098210611,0.0,-2.22656865944,-2.4623381223,5.24706978365,-0.1797972659,0.0296632067239,0.0,450.798450918,450.32100718,450.167064691,450.187516791
3.4200000000000026,-2.03595352313,-1.63138130078,11.3108569623,5.98363337893,0.169753671235,0.0,-2.33337821858,-2.64044053083,5.24640802227,-0.180207116613,0.0230868747292,0.0,450.710853805,450.179104099,450.140377432,450.076368923
3.4800000000000026,-2.17918017025,-1.79529663874,11.625495172,5.97280069722,0.171086319418,0.0,-2.44094047083,-2.82424775933,5.2407931261,-0.181227497213,0.0203986219113,0.0,450.455477583,450.238003379,450.260682134,450.147053547
3.5400000000000027,-2.32887732021,-1.97040763252,11.9396348605,5.96193109417,0.172239609899,0.0,-2.54904808251,-3.01362617883,5.22977608727,-0.181025702266,0.016756950719,0.0,450.300797257,450.005997071,450.168148341,450.153201667
3.6000000000000028,-2.48507601586,-2.15704989366,12.2529566925,5.95121120595,0.173214441221,0.0,-2.65764285793,-3.20861030165,5.2135198043,-0.174323985996,0.0152077152424,0.0,450.37183487,450.246390358,449.677085953,450.189346455
3.660000000000003,-2.64780148495,-2.35555196286,12.5651360309,5.94089818279,0.174132652505,0.0,-2.76660287207,-3.40891509127,5.1916918885,-0.167408373432,0.0154944407085,0.0,450.187700335,450.210800053,449.511950508,450.044131378
3.720000000000003,-2.81708024779,-2.56623459534,12.8758641485,5.93092345946,0.175082122037,0.0,-2.87608927271,-3.6145941719,5.16513676942,-0.164018328517,0.0164765274983,0.0,450.154216699,450.233599236,449.971160399,450.219547966
3.780000000000003,-2.99294032393,-2.78940549572,13.1848303622,5.92101501153,0.176300716874,0.0,-2.98599576829,-3.82517456908,5.13294570045,-0.167482562805,0.0270452776996,0.0,449.692980494,450.548448445,450.084034185,449.777824253
3.840000000000003,-3.17541667358,-3.02536404189,13.4917094314,5.9110084321,0.178182142575,0.0,-3.09668442381,-4.04084976976,5.09552143913,-0.165401856429,0.0388232918889,0.0,449.699760019,450.653349658,449.97578255,450.118024454
3.900000000000003,-3.3645665369,-3.27441277594,13.7961750276,5.90108714028,0.180851405662,0.0,-3.20850630946,-4.26149425315,5.05245949156,-0.165261173094,0.0539154729631,0.0,449.59214653,450.814654027,450.107677245,450.093340591
3.960000000000003,-3.56047219334,-3.53684867101,14.0978864727,5.8911432305,0.184467014486,0.0,-3.32194921798,-4.48707403863,5.00366711259,-0.166688810335,0.0706194518598,0.0,449.817706534,451.171176754,450.094719957,449.953273833
4.020000000000002,-3.76324330758,-3.81296035949,14.3964773727,5.88111088162,0.189049306244,0.0,-3.4374281303,-4.71734377208,4.94838747672,-0.16825890424,0.0859191010858,0.0,449.87052779,451.112421671,450.046300661,449.892803615
4.080000000000001,-3.97301505977,-4.10302506962,14.6915428472,5.87106858403,0.19436235578,0.0,-3.55536131163,-4.952162748,4.88610361733,-0.165655959637,0.0933506097207,0.0,450.068251541,450.675867706,449.830465665,450.014838646
4.14,-4.1899439439,-4.40731258449,14.982654544,5.86118761869,0.200185167583,0.0,-3.67603029073,-5.19141472354,4.81656208435,-0.162806616091,0.10356473511,0.0,449.914764251,450.749064044,449.70220548,449.907489725
4.199999999999998,-4.41420039113,-4.72608244544,15.2693663958,5.85147091175,0.206728113863,0.0,-3.7996574926,-5.43488272548,4.73940380879,-0.160277687911,0.118219605024,0.0,449.462622607,450.659285991,449.744150268,449.924375346
4.259999999999997,-4.64597213946,-5.05958282025,15.5512140175,5.84188931301,0.214166253426,0.0,-3.9265976633,-5.68240573019,4.65437344752,-0.15855094009,0.133509374649,0.0,449.456942078,450.708337897,449.536620848,449.652664928
4.319999999999996,-4.88547007167,-5.40805304622,15.8277179198,5.83250259358,0.222462454722,0.0,-4.05725085095,-5.93385089235,4.5612300321,-0.152540368742,0.146397388421,0.0,449.374057065,450.435194622,449.387452182,449.851658324
4.379999999999995,-5.13292919476,-5.77172630686,16.0983908114,5.82339424205,0.231544715402,0.0,-4.19201528056,-6.18913872146,4.45996418445,-0.150377634737,0.159808294863,0.0,449.198841633,450.306489581,449.743151452,449.896933455
4.439999999999993,-5.38860461515,-6.15082629835,16.3627344626,5.81449672573,0.241294272654,0.0,-4.33116464912,-6.448049986,4.35020588808,-0.144421098771,0.167377055473,0.0,449.258051956,449.89625366,449.779772697,450.241711478
4.499999999999992,-5.65276865929,-6.54557104492,16.6202426669,5.80590028535,0.251562848354,0.0,-4.47498901737,-6.71060131902,4.23207767171,-0.141075725404,0.177765446719,0.0,449.35154589,450.220753235,449.977314626,450.22926509
4.559999999999991,-5.92570277351,-6.95616693848,16.8703916172,5.79755488714,0.262456717463,0.0,-4.6235261922,-6.97639767261,4.10485127077,-0.135392012779,0.188237977662,0.0,449.253187556,450.13312963,449.96888469,450.411216855
4.6199999999999894,-6.20769445959,-7.38280285893,17.1126251429,5.7894600243,0.27396121003,0.0,-4.77693155981,-7.24524385769,3.96818665389,-0.13397685208,0.19795188409,0.0,449.436172076,450.25825268,449.949304566,450.04734892
4.679999999999988,-6.4990448365,-7.82566588881,17.3463823706,5.781451618,0.285936956313,0.0,-4.93549519197,-7.51728696588,3.82224958384,-0.132486217582,0.202691053441,0.0,449.652853292,450.075173581,450.264222835,450.368692804
4.739999999999987,-6.80005826773,-8.28493499506,17.5710765236,5.77346014117,0.298206488462,0.0,-5.09902892082,-7.79210715602,3.66603502646,-0.134638436947,0.207865415634,0.0,449.607871622,450.067495766,450.303376708,450.113098668
4.799999999999986,-7.11103121577,-8.76077533833,17.7860784404,5.76531607942,0.310724834864,0.0,-5.26746961545,-8.06966359883,3.49911244632,-0.138018927624,0.210140667961,0.0,449.858888207,450.085384225,450.048015323,449.757435403
4.859999999999984,-7.43225954827,-9.25335861305,17.9907448205,5.75706187338,0.323348610313,0.0,-5.44085353915,-8.35020924946,3.32145310185,-0.136688209457,0.210901705325,0.0,450.095222087,450.199813961,449.80803779,449.898555024
4.919999999999983,-7.76402903101,-9.76285524404,18.1844036327,5.74894834915,0.336000485704,0.0,-5.61881748124,-8.6334433458,3.13215242306,-0.132452448912,0.210790388379,0.0,449.9578794,449.99207196,449.578879552,449.905422283
4.979999999999982,-8.10661237222,-10.2894309449,18.366356105,5.74109956896,0.348699193449,0.0,-5.80129241632,-8.91951189936,2.93120712665,-0.127723828393,0.213299159809,0.0,449.786740515,450.033482931,449.522324034,449.889997925
5.0399999999999805,-8.46028054569,-10.8332621828,18.5359065884,5.73345110087,0.361529609836,0.0,-5.98829418542,-9.20862887037,2.71870725889,-0.126980864526,0.214899229446,0.0,449.940290023,450.114351347,449.735167173,449.780747988
